[gd_scene load_steps=13 format=3 uid="uid://78hvyw2ffjmg"]

[ext_resource type="Script" path="res://src/player/Player.cs" id="1_2s2vk"]
[ext_resource type="PackedScene" uid="uid://lryyk84lam5e" path="res://assets/people/bob_guy.tscn" id="2_b8bnt"]
[ext_resource type="PackedScene" uid="uid://cm7p5eum4doci" path="res://furniture/soft_chair.tscn" id="3_v0fhx"]
[ext_resource type="PackedScene" uid="uid://bljftxrlhlne" path="res://furniture/table.tscn" id="4_rqu65"]
[ext_resource type="PackedScene" uid="uid://cribkddt5yyjs" path="res://furniture/fridge.tscn" id="5_2oxnf"]

[sub_resource type="ProceduralSkyMaterial" id="ProceduralSkyMaterial_c16i4"]
sky_top_color = Color(0, 0, 0, 1)
sky_horizon_color = Color(0.5, 0.5, 0.5, 1)
sky_energy_multiplier = 0.0
ground_bottom_color = Color(0, 0, 0, 1)
ground_horizon_color = Color(0.5, 0.5, 0.5, 1)

[sub_resource type="Sky" id="Sky_ryih7"]
sky_material = SubResource("ProceduralSkyMaterial_c16i4")

[sub_resource type="Environment" id="Environment_q5te5"]
background_mode = 2
sky = SubResource("Sky_ryih7")
tonemap_mode = 2

[sub_resource type="StandardMaterial3D" id="StandardMaterial3D_hj123"]
albedo_color = Color(0.0972898, 0.0269623, 0.222656, 1)

[sub_resource type="BoxMesh" id="BoxMesh_lvnb5"]
material = SubResource("StandardMaterial3D_hj123")
size = Vector3(100, 1, 100)

[sub_resource type="BoxShape3D" id="BoxShape3D_3lp6x"]
size = Vector3(100, 1, 100)

[sub_resource type="SphereShape3D" id="SphereShape3D_vmp6v"]
radius = 1.0

[node name="universe" type="Node3D"]

[node name="world_environment" type="WorldEnvironment" parent="."]
environment = SubResource("Environment_q5te5")

[node name="perspective_light" type="DirectionalLight3D" parent="."]
transform = Transform3D(0.876307, 0.337065, -0.3442, 0, 0.714472, 0.699663, 0.481754, -0.613119, 0.626097, 0, 0, 0)
visible = false
shadow_enabled = true
shadow_opacity = 0.62
shadow_blur = 10.0

[node name="orthographic_light" type="DirectionalLight3D" parent="."]
transform = Transform3D(0.991216, 0.0661281, -0.114537, 0, 0.866024, 0.5, 0.132256, -0.495607, 0.858418, 0, 0, 0)
shadow_enabled = true
shadow_opacity = 0.49
shadow_blur = 10.0

[node name="ground" type="StaticBody3D" parent="."]
metadata/_edit_group_ = true

[node name="mesh_instance_3d" type="MeshInstance3D" parent="ground"]
mesh = SubResource("BoxMesh_lvnb5")

[node name="collision_shape_3d" type="CollisionShape3D" parent="ground"]
shape = SubResource("BoxShape3D_3lp6x")

[node name="player" type="CharacterBody3D" parent="." node_paths=PackedStringArray("Model")]
transform = Transform3D(1, 0, 0, 0, 1, 0, 0, 0, 1, 0, 1.75, 0)
script = ExtResource("1_2s2vk")
Speed = 25
Model = NodePath("bob_guy")
metadata/_edit_group_ = true

[node name="bob_guy" parent="player" instance=ExtResource("2_b8bnt")]
transform = Transform3D(-1, 0, -8.74228e-08, 0, 1, 0, 8.74228e-08, 0, -1, 0, 0, 0)

[node name="collision_shape_3d" type="CollisionShape3D" parent="player"]
shape = SubResource("SphereShape3D_vmp6v")

[node name="perspective" type="Camera3D" parent="player"]
transform = Transform3D(1, 0, 0, 0, 0.866026, 0.5, 0, -0.5, 0.866026, 0, 8, 12)
visible = false
size = 20.0

[node name="orthographic" type="Camera3D" parent="player"]
transform = Transform3D(0.939693, 0.17101, -0.296198, 0, 0.866025, 0.5, 0.34202, -0.469846, 0.813798, 0, 40, 0)
v_offset = -34.0
projection = 1
current = true
size = 23.0

[node name="soft_chair" parent="." instance=ExtResource("3_v0fhx")]
transform = Transform3D(1, 0, 0, 0, 1, 0, 0, 0, 1, 7.80287, 0.9, -4.58594)

[node name="table" parent="." instance=ExtResource("4_rqu65")]
transform = Transform3D(1, 0, 0, 0, 1, 0, 0, 0, 1, 7.827, 1, -1.455)

[node name="fridge" parent="." instance=ExtResource("5_2oxnf")]
transform = Transform3D(1, 0, 0, 0, 1, 0, 0, 0, 1, -1.296, 2.5, -5.58)
